[119983.98489053274]
[156626.08678829944]
[174710.8999169882]
[201434.72255561638]
[196320.55155298635]
[182283.4858034216]
[198298.52568115888]
[169742.7563206591]
[208876.54115646138]
[115883.96844387526]
[203689.49634292786]
[99331.08854661725]
[76336.97871382482]
[153050.79578114356]
[112543.81195113645]
[316846.041522086]
[245414.28118898257]
[278619.7313608638]
[267374.4427537739]
[380232.9222220387]
[294571.69955033885]
[209029.2356657765]
[174525.55303572895]
[171327.10530975251]
[196213.0085905668]
[208548.8475508513]
[290892.5736213218]
[258689.59908156891]
[184325.19612682582]
[230737.85843921528]
[207106.42350882987]
[87187.97878506134]
[207191.63203229636]
[284142.1208393936]
[282057.96993602463]
[221202.554261933]
[170877.3611217798]
[151479.2807267161]
[160350.78133198858]
[144574.84681337437]
[164508.13561085015]
[144665.32614680706]
[283128.71755560033]
[247965.91240444873]
[224747.3509353559]
[200602.61819359197]
[254049.6370582028]
[207742.69113257882]
[157717.29902633437]
[140209.52929399494]
[148689.07923459634]
[184145.38008775923]
[167213.76446227962]
[157501.50736418797]
[214938.8566644029]
[166844.5244747304]
[166406.70492886618]
[121341.91609470354]
[230612.78815861518]
[119083.61111556733]
[117349.23704515107]
[192115.81926796446]
[79883.52666454727]
[110194.52387406689]
[101168.29491326393]
[86103.532015289]
[89921.68552557431]
[151074.64270868624]
[132311.53795965033]
[234350.7566941961]
[121877.19170505507]
[120804.59225812939]
[154671.00219213287]
[123979.6841547786]
[150885.31334636526]
[96612.75924143317]
[30003.648297382926]
[179163.1051169559]
[223520.8185296113]
[117343.00511043682]
[155942.7527557375]
[137066.05048027379]
[193881.4796052176]
[69977.80097184743]
[130868.30985696189]
[139506.0378383529]
[132587.0447189316]
[138694.2465817901]
[125222.57249708357]
[127433.21619620977]
[129469.95105212159]
[134935.82119819138]
[168702.61669192536]
[122051.21099717863]
[162134.74376457074]
[72613.1864432756]
[100105.35100406216]
[90301.16995489609]
[76556.83524111705]
[130028.6116233007]
[127635.39198756625]
[110754.49901484046]
[112256.65305414231]
[155718.32952297042]
[139869.26344218774]
[250732.46007234682]
[61631.42586623633]
[216921.53233771244]
[93183.25604493055]
[136983.9249828303]
[100186.17165030853]
[136598.28858774732]
[249722.60332755867]
[115669.18528324197]
[240645.42175823246]
[264172.3562933435]
[194549.38832690203]
[145121.46626050677]
[135936.07572778373]
[209535.48277459902]
[134671.05133049487]
[122412.04182870156]
[307434.6947327919]
[231691.9275388958]
[150523.96923502669]
[39737.729689072585]
[93429.58897839102]
[143287.633450569]
[103673.48077994701]
[130924.28844763048]
[78971.488429435]
[114818.72298849671]
[139461.0503134295]
[138020.96501840622]
[122500.73684100236]
[207341.5745434372]
[160184.84040589177]
[203779.4196678989]
[201614.15783182756]
[185422.82878279735]
[19653.225769046752]
[119560.05624106812]
[54563.10241810471]
[253510.84112506392]
[270224.0910475354]
[180216.98682297545]
[170359.97268529283]
[223813.9581730253]
[194103.21475754146]
[151173.1084490697]
[158578.37474697345]
[164709.5272812221]
[170182.75395713173]
[124230.21831058105]
[79528.02801602706]
[56776.819340455]
[59555.279682640336]
[104421.70302858052]
[152078.85124886004]
[173169.863437553]
[135574.8852080914]
[124347.74320448335]
[266283.15466572414]
[211654.76038445192]
[118488.90259996057]
[182912.35340077837]
[196909.50901051288]
[282654.2277170789]
[193438.45265998278]
[325809.25972016476]
[215641.1565046297]
[235521.92561021956]
[187628.8854970225]
[193066.44148348318]
[185422.26595933328]
[159547.49689770167]
[195803.6847053295]
[214603.010198375]
[202670.46855019795]
[266207.3555087031]
[198136.2368166118]
[228874.56899450053]
[229242.71096978034]
[235855.89374863345]
[233109.3139895075]
[173896.69393555765]
[176252.84005646294]
[133764.17104086158]
[123716.77542024088]
[112012.47151993908]
[107859.22011191421]
[101872.1835000281]
[105519.5723176261]
[153457.45519866957]
[152811.50625104774]
[142875.40546810074]
[156955.82321713417]
[146198.80934941914]
[131128.54661096883]
[141713.8680527227]
[365418.9699531479]
[339139.15672342933]
[321913.87183356495]
[419745.4348863334]
[285098.6496867519]
[296852.86635239486]
[311591.89961777657]
[307563.7824235027]
[293930.6446018853]
[309656.5943868952]
[254519.2163286194]
[372168.08676617895]
[288592.7174991098]
[251229.1913535274]
[184407.98547822764]
[194992.6383467762]
[213299.79293896927]
[391291.53384156694]
[320148.0532470823]
[278751.03218145657]
[234819.92462256318]
[288377.9599564156]
[190877.92707249106]
[199252.86344956784]
[175624.23297469836]
[174826.93337891315]
[178116.4582265693]
[202624.08682031368]
[206262.68050573798]
[211482.1778510562]
[199110.5190722932]
[264811.579185572]
[179837.6654140166]
[189335.9952749254]
[180943.7637349164]
[276356.2056631225]
[185877.47982580724]
[331964.49196189747]
[292584.96769481804]
[247748.74563961464]
[270823.4208809375]
[256675.518817939]
[255060.93805806738]
[280270.4100063035]
[233243.17155855504]
[376864.77504683466]
[194306.6372631249]
[203897.0934590541]
[271515.29080323863]
[227193.24187704897]
[272437.5630773533]
[248259.98732757362]
[269458.28337900474]
[222823.0036555995]
[205567.62423656898]
[183110.71357143935]
[186260.2097084033]
[145167.07653974404]
[214922.13216588763]
[248829.55078017586]
[179099.9502162638]
[132125.80424282904]
[159156.56203597767]
[224104.33457572915]
[233645.35266688358]
[188362.50392662428]
[152765.35195736785]
[194449.2437294661]
[166688.9707675093]
[169156.11815195813]
[115068.15851041459]
[117756.60768152197]
[107094.93687379436]
[105534.03109252249]
[122446.03188232868]
[98421.30870096025]
[336145.116113642]
[242530.21794858773]
[281104.6226291731]
[187149.05253902628]
[183173.48021548853]
[160357.58194405207]
[175085.7021118226]
[290072.22344122943]
[225047.88989862762]
[222859.03065071092]
[235351.9378940243]
[225083.45510163836]
[158790.81144089895]
[142685.4069220606]
[251717.49618858582]
[109226.48928777018]
[154624.57003610508]
[228517.61139156352]
[159305.35556094768]
[129482.98945108883]
[95355.1256067045]
[150488.68941816885]
[179523.23697492902]
[166191.21735372458]
[163158.61576833605]
[174644.61796731313]
[171050.905910879]
[104321.93467724207]
[202415.70998151053]
[209518.29851281526]
[246473.9420358447]
[135814.7242319552]
[181390.6173645006]
[152677.82918274874]
[111932.82732490211]
[126376.21756087692]
[104565.72443715378]
[129396.0622167628]
[136535.1913623924]
[135607.90629730828]
[95420.27388704848]
[135991.65780624695]
[116164.16732150555]
[194656.9458596771]
[113760.32019922399]
[43782.585448552156]
[135590.5873024239]
[81639.77397175261]
[98998.1046751102]
[125206.54618738848]
[164767.76404413083]
[24843.127344408364]
[96241.50306284969]
[27201.697830394434]
[203205.3271490873]
[162147.54843631815]
[154701.31280418206]
[176983.5183297327]
[124206.55122254323]
[127056.74227017321]
[143470.4774350294]
[100086.1750522118]
[99088.31630677095]
[101925.80162083724]
[94263.46437275945]
[146454.4097562756]
[160787.5240910108]
[134378.4978926871]
[142316.20651550835]
[134348.73860809422]
[168630.457853252]
[118347.56941634539]
[129001.12764791929]
[147289.7506973996]
[69197.52160551318]
[108065.64172648068]
[113742.27474953374]
[78239.51463269826]
[7717.591797060624]
[86116.88788530783]
[95673.78802850324]
[152074.65045446015]
[118521.54022056778]
[51602.45024489949]
[103907.74396364542]
[160751.45081208437]
[25765.546324693365]
[130802.83214779833]
[130850.1166745263]
[81270.07683164167]
[92373.66664601542]
[131680.00452178746]
[169128.45799090408]
[162867.73849326943]
[181488.45664911927]
[114112.0861925626]
[153218.18517189662]
[124477.75387284782]
[125328.46487815474]
[124822.0124813299]
[104222.44782277517]
[116179.33954624413]
[77192.51714957412]
[161026.32843320817]
[124962.4260911179]
[71295.33532297506]
[115748.82253942866]
[130059.42080111784]
[127346.42447802442]
[152208.03409130973]
[148407.55341152748]
[12660.822067262838]
[120961.37476376677]
[113345.35362051998]
[145663.0072248911]
[117696.68328498973]
[111113.17192603304]
[185145.49494299566]
[156376.2405261398]
[239937.80689311397]
[139397.28848266962]
[130457.75431607128]
[111272.46278097515]
[149722.26968892734]
[110176.35973043821]
[288661.31571060285]
[287168.65703364013]
[287181.10019969085]
[322165.0874902191]
[306321.4606273292]
[242265.4725448843]
[276900.208509226]
[224929.3891231655]
[249796.07701889673]
[248059.6407753844]
[173166.5243523686]
[228672.70022850373]
[138571.67995857977]
[208242.78107963045]
[206237.70332766484]
[221244.25475473853]
[210561.89736430184]
[103151.13382498361]
[145563.71727716486]
[254437.3684754867]
[246924.59534836264]
[194754.36040231743]
[210384.753112736]
[252175.9714180594]
[271356.2270671021]
[228659.63952927897]
[288069.1360595975]
[168382.42484896377]
[107219.01101809245]
[140816.31749539688]
[67286.39132328023]
[130969.27471349068]
[108824.90776448417]
[148297.47464028664]
[116551.58288088301]
[108526.65269266337]
[116406.28525887895]
[146027.50597208034]
[146469.74920138723]
[167648.60052704037]
[141119.3360841184]
[215599.46937592255]
[128364.75862669747]
[190538.83190155402]
[153438.1300400513]
[201216.22174258067]
[132143.3910262428]
[152303.13145734096]
[137414.79431120184]
[211178.73180422356]
[290472.51412833366]
[152443.36192975342]
[42248.79530686641]
[250682.97619658115]
[15947.428285376169]
[268179.5929018912]
[145133.27205056982]
[195406.13150533702]
[177785.6962631541]
[336334.82111050043]
[290085.0449395528]
[232169.76611452643]
[222498.741287297]
[228137.01287693204]
[337739.84092367964]
[120498.52156947769]
[160518.92975453933]
[106545.10221659922]
[133187.00808210898]
[142580.26771840552]
[137005.52018243214]
[159062.56533902034]
[187965.80756866722]
[179462.0584837798]
[188215.04822184917]
[186247.71211283532]
[170630.97533860925]
[242327.67977566406]
[192977.53137267623]
[181935.09743603712]
[191415.88418365305]
[204356.30156594724]
[281931.9874110712]
[323572.31516555627]
[161634.81737200185]
[269353.20500290586]
[175963.29874148447]
[250663.02898065405]
[207043.84809676764]
[264072.86673107685]
[236245.05075812503]
[178872.60469188623]
[217028.4544101451]
[135386.78141246358]
[329523.3163909163]
[174615.76891691767]
[298999.27836348984]
[127893.92916629597]
[85875.19722374983]
[114243.35439415858]
[100868.3049844784]
[113628.44619456958]
[90996.35435277835]
[137524.5736590203]
[150707.78359718452]
[273005.0489535395]
[337012.6324480565]
[326999.9506982333]
[350152.0558212681]
[393806.8957240664]
[335492.7973908428]
[268982.5892754571]
[297648.0539972238]
[411186.8698022698]
[285586.8362122849]
[320697.8948119289]
[306030.9791251692]
[290365.8850958657]
[190889.39520261658]
[298206.5939050419]
[222997.59008211308]
[205456.70194733868]
[181534.36576985073]
[240969.19550064887]
[243959.49717155047]
[193339.78171877362]
[180577.76210920393]
[206026.6904155881]
[219642.33740830095]
[216670.74024732076]
[227257.13254531406]
[183911.22686367872]
[244330.05382693378]
[198342.925537795]
[253288.30993902296]
[281878.76813612506]
[304267.5717160482]
[267362.23352901684]
[294308.6201528291]
[266307.4133868716]
[252423.84776949734]
[261776.5080196765]
[278206.7379770518]
[226697.35226106722]
[214280.42230744983]
[255690.4848844063]
[214222.7440415544]
[195478.5434619008]
[208077.0657727437]
[164054.2184055151]
[179832.5622423683]
[172472.63335884333]
[188803.53535449418]
[199856.76223681096]
[193526.164299002]
[208287.4915880689]
[107219.97743723297]
[126684.89851540304]
[77775.0653064751]
[87844.4829745284]
[190943.69528888882]
[136003.06162262947]
[265287.0750726904]
[325421.0829798976]
[179662.85287736333]
[148713.62604400225]
[167932.45820977632]
[162083.2225310322]
[256105.46838351482]
[245604.75168105582]
[238207.78427551506]
[249556.09200156174]
[168525.78379478524]
[225128.79151670678]
[211211.32965829258]
[214822.86715884763]
[301326.95949805935]
[211278.18363954572]
[322097.23204711423]
[272704.30904370296]
[211389.7225431478]
[176463.48679707278]
[194224.00239738027]
[213979.0400964456]
[129551.1826987844]
[137085.89644695877]
[136254.68882687116]
[120210.46050730132]
[184528.72457312822]
[107380.07326473884]
[131537.64821432257]
[136306.8592891111]
[64629.68167482165]
[154647.42076510936]
[139045.09380877286]
[97026.36174093315]
[206163.29343805547]
[126237.51828699146]
[190902.16373034025]
[198148.93014830523]
[112229.33700527856]
[98100.59995753155]
[128951.09425608511]
[118900.32151047594]
[180092.00079418722]
[113300.63823458081]
[128592.52038084908]
[69226.70008272404]
[95108.16317574045]
[62336.04610458197]
[166155.38354168166]
[134849.036952883]
[188157.94956497464]
[137576.1034752652]
[125732.61086891167]
[123778.61963902862]
[104946.11194189783]
[142804.22003049828]
[121075.05049657327]
[114268.039959669]
[116375.7380458354]
[141163.61915962247]
[93817.65221586055]
[101310.32551311643]
[144791.8709836831]
[130721.94490290404]
[102404.86886355415]
[58542.65428536042]
[116986.69301295246]
[77439.04622920614]
[147637.0165762602]
[131274.6319020877]
[146077.42676786694]
[136906.9568615603]
[74086.67207928275]
[93613.48115510662]
[154200.10143014923]
[9263.408579428971]
[56746.81230764126]
[98168.70522945968]
[145509.64811137156]
[84293.3176438479]
[138065.04320128594]
[135021.04914504656]
[23383.34051793901]
[206959.54424950358]
[113670.60926565627]
[93451.42614981718]
[120581.99116483319]
[171944.8718784058]
[123206.2154916731]
[110414.6077815009]
[114326.56941428332]
[153579.52276281366]
[116203.38494971831]
[144839.44029952056]
[121225.40795554686]
[104183.78965010855]
[110355.94192343019]
[67264.52736034023]
[83386.85425061919]
[95635.72660445544]
[188530.47930839058]
[133209.8876570544]
[143141.50240957906]
[184304.76932951013]
[134064.35838919308]
[117516.68657462928]
[127557.82085573871]
[155567.75801741172]
[125344.66269711632]
[131634.6744353397]
[123993.63676193886]
[111551.37911262276]
[29467.048483838968]
[100597.82031578687]
[133447.12184928334]
[156257.50691997737]
[133011.83538486296]
[158746.99002812282]
[102676.18927194172]
[138145.1135260276]
[100348.58889920573]
[132387.38287188922]
[191562.07243365128]
[146307.0156935288]
[163184.8864602422]
[142556.4869663159]
[229816.22107773754]
[131955.22472948028]
[180444.92946532363]
[187851.55639625253]
[112936.51300887851]
[140333.0042198394]
[266958.8038489246]
[242995.2055337933]
[232193.1945356042]
[221079.07907306627]
[184953.33354985228]
[255763.35061899913]
[366177.16143561114]
[313906.2806171311]
[246203.69844479449]
[208676.09989468285]
[152532.13038005854]
[217055.2308499976]
[194986.9685784605]
[196662.38749068094]
[223349.34428691832]
[153603.92383996613]
[128467.46751121356]
[190481.3829863978]
[233665.9022813197]
[298303.5123654093]
[285594.9259696277]
[237636.11028928787]
[227886.03350934762]
[146376.95012077218]
[246162.2855713035]
[194483.56843793293]
[228138.32021236193]
[191809.61444867423]
[125917.08553855738]
[120619.6657633346]
[166371.02383126935]
[162064.19965808283]
[165721.41090257434]
