[284766.4290990695]
[69890.36791703751]
[70204.71050146391]
[67099.48928358481]
[115170.2750434106]
[112023.65999510093]
[88240.96494742786]
[74309.5773603908]
[92658.27541822882]
[176143.48258497476]
[190830.64169323904]
[147818.73703885177]
[140938.8066946158]
[201583.33995174067]
[123441.08657266852]
[145193.2716749896]
[101563.53505462874]
[146071.03575271985]
[213027.50597941063]
[253355.66135427606]
[199698.85477818555]
[135158.4840533989]
[129345.2373693267]
[116341.20566255017]
[104863.66299389768]
[131719.85302323103]
[92145.29008874367]
[141366.66319775116]
[18789.857716122584]
[73546.67409326875]
[68965.39246790641]
[43759.922155670414]
[252435.5886562804]
[238220.22848547192]
[274079.0633865914]
[240455.5713558601]
[120935.75140638067]
[189748.15018270366]
[215918.79323621496]
[269810.72792664677]
[242260.42671292028]
[143570.84356505185]
[211171.4228295233]
[199032.93350644503]
[186766.97802184627]
[247043.24422915283]
[213863.7055326634]
[261366.2234402593]
[296713.4217594193]
[245306.39722182258]
[140007.8018700715]
[158813.37420841804]
[146213.14881389588]
[116497.83080178138]
[109974.32969493372]
[84051.9917441106]
[83130.17853062047]
[134755.1614798726]
[139345.3955967641]
[120781.87909546815]
[109039.15848656639]
[130852.72604197543]
[99125.92588172329]
[198429.9268031884]
[161301.26890615202]
[183706.33272242223]
[210765.6628537494]
[187954.10594723775]
[203362.1282357848]
[175386.37590009402]
[186035.28084474496]
[171647.00400282757]
[196754.3679862714]
[214744.6147374056]
[318161.1756106119]
[371514.9742813848]
[173277.19730124372]
[257611.50129008078]
[327574.8018539009]
[354783.6598434958]
[169039.72594824235]
[200101.8735552514]
[238168.38105464928]
[227498.9790626164]
[174254.1153847665]
[196896.01173279557]
[185906.95848367776]
[191993.2559010343]
[202746.5033247885]
[171308.2100959852]
[96466.85477803065]
[93724.88130046974]
[166088.25931259364]
[182252.6147259601]
[105607.95734345244]
[94117.9065168277]
[147071.91348342766]
[113370.0192695448]
[309510.75312897016]
[259115.88505286328]
[322977.1249530701]
[356915.4665249961]
[302425.58799121773]
[368867.4516559542]
[371005.9789225135]
[330601.11721412564]
[384017.8616956707]
[256176.27424334487]
[293918.3096192477]
[286425.24948820507]
[319872.2215303122]
[305044.4585213441]
[275026.5733619572]
[256005.09314982797]
[251169.11165112752]
[251214.80558209165]
[189969.54984364854]
[192119.7561500026]
[193315.23127297394]
[223612.6953286894]
[261931.00139965597]
[206077.41305827585]
[213139.70248995948]
[184697.78422822995]
[176964.140409647]
[188865.57971619008]
[180112.39062510474]
[208044.99078517535]
[194728.95526430383]
[170989.2705654848]
[191059.57937728617]
[191662.4880867877]
[262574.78364016867]
[201798.52354085067]
[192638.29219216303]
[200043.19453862027]
[208959.3406058544]
[184731.45371757494]
[211402.03372781156]
[226585.01900623812]
[199623.2276197508]
[195938.15932850383]
[314499.2571471652]
[349577.8212616265]
[316393.8568232872]
[255300.2031996023]
[266663.6648471954]
[299752.0847087904]
[193193.39455353472]
[271422.62298127206]
[235550.518867706]
[356776.0891062726]
[204943.64265445652]
[245321.5827650325]
[233133.84917409005]
[240723.25939596817]
[250051.05927032523]
[209112.45797314288]
[190260.6360740081]
[239223.1149886698]
[171428.93219042866]
[279964.8823038729]
[237867.63892366455]
[260851.5076373686]
[250911.96918183588]
[149319.14764625754]
[164997.4989561844]
[156131.2775911532]
[204950.01809023067]
[194738.86495795328]
[130450.06605409045]
[115753.5367672075]
[146015.2172268728]
[273871.83888258133]
[146844.03594801843]
[195698.78548607603]
[228897.87071840503]
[193950.80197404165]
[216906.84187809977]
[199379.43003738608]
[207246.84993292784]
[164747.58804537597]
[144920.10036233254]
[187539.34253634664]
[280230.00107116275]
[302941.7503902464]
[237830.8030199332]
[289325.06289030256]
[328371.3255395084]
[156790.4348963985]
[226806.83130503757]
[156476.21078260845]
[180875.56755715387]
[240184.4376309507]
[225076.73902905933]
[255783.58120787822]
[179570.42419780945]
[132503.74353387166]
[121016.62517124502]
[110913.06795214018]
[132025.2893991894]
[151720.69783211208]
[135945.5062608826]
[95342.34918411996]
[184174.47578309572]
[134540.4096984383]
[205959.77365865797]
[147105.90164425288]
[224447.66599839047]
[130652.85892686708]
[40673.73594853736]
[46625.65271826566]
[111568.69857448118]
[139645.5160348029]
[143087.8719903556]
[141172.6809089047]
[166441.26005365158]
[144853.22453567415]
[116463.07521152025]
[152809.0040159366]
[108876.4446382717]
[195020.40052889579]
[109139.33891590335]
[148738.76285236387]
[113076.18753823062]
[130183.01771646476]
[119310.22131672763]
[139945.7644833612]
[125154.24915107049]
[116213.21121658362]
[97782.34983104875]
[112255.7425353846]
[123447.88167068956]
[101039.50348794]
[117051.25310592627]
[142594.51462736825]
[241071.77582078887]
[150649.151060853]
[123077.01981600234]
[183053.14857770305]
[99584.41573599062]
[132498.78434899228]
[96614.07540929812]
[124842.02947234566]
[137056.95805801317]
[124690.49432471086]
[146183.22320742818]
[92312.0587770323]
[94800.77656586876]
[102279.7523423091]
[114285.7546731605]
[136026.54549587634]
[99082.7543946419]
[92462.14960364386]
[133274.0988531736]
[132075.92718048772]
[59632.207743732724]
[117947.48789890169]
[209106.2326420301]
[140826.30402170925]
[114222.42396239098]
[164998.46521634856]
[109774.58673759463]
[219467.84972603683]
[75678.24763560347]
[116763.3991059218]
[136981.7073023197]
[130871.12166701956]
[115147.68312852376]
[119020.6564762143]
[91839.14964756632]
[153294.62681804763]
[113157.17892341939]
[122575.9853435285]
[133420.0060487701]
[173027.64823826155]
[144688.8196720425]
[103603.42987564951]
[164038.25277158315]
[75541.3991064902]
[78008.29804492317]
[200864.36901980237]
[224643.11818212393]
[184950.47167429814]
[97956.03704806336]
[57987.30644195434]
[252449.73602440057]
[90718.95949473698]
[87871.98630883137]
[168131.19627432528]
[97331.26824634004]
[131452.5130850862]
[104974.64540846302]
[119621.8409530996]
[89846.30848194368]
[129792.67902334209]
[117722.71014447394]
[136149.66044083156]
[199472.5219485646]
[176745.1835438315]
[164747.6950743788]
[132857.9351659228]
[85539.70464490965]
[193812.9039170183]
[146084.08781054954]
[161096.23367959564]
[83300.55253171094]
[232562.70117027246]
[157325.74078609017]
[93702.31061788212]
[61990.332986486435]
[104374.43508937705]
[125793.25032846374]
[140658.76944134093]
[72816.34594515362]
[176946.7875348566]
[232278.39590285558]
[260973.8511699591]
[288639.2222654336]
[261007.82827154122]
[231746.954879721]
[233150.13122795636]
[195980.72704862113]
[211042.20174202183]
[234035.78351091372]
[283057.05373394745]
[141217.8240196248]
[177775.29453119336]
[134832.81003046007]
[140016.87572287192]
[223177.43156064858]
[222001.06005818033]
[199609.0850369467]
[233039.9336277818]
[116255.00367317232]
[126596.46315084572]
[138266.8812627616]
[125035.7542626196]
[98232.22545053385]
[114945.07357120671]
[127077.51046959788]
[116596.12800481403]
[256896.6242598648]
[233119.64498580154]
[211765.48319044654]
[236049.25211247386]
[281909.6733566196]
[246232.622991219]
[249331.5276509532]
[190596.53711321796]
[205735.66317494793]
[176437.79784988554]
[197283.8580340983]
[151496.5231537427]
[118963.84484292736]
[107655.88739860343]
[144730.09063920524]
[153020.81354664563]
[163456.18293730597]
[157540.2591696202]
[159099.42395300244]
[628120.8555645708]
[140260.33657918742]
[118278.01305488194]
[59786.78736248036]
[95981.36635202059]
[118900.58439899416]
[74433.73873527284]
[99911.05492583604]
[170904.04906409615]
[108260.1992932444]
[154040.47097592673]
[149530.7513064628]
[130823.64093572105]
[135976.8527470923]
[196578.71297770267]
[149306.90788630472]
[110883.30942898936]
[104922.62744562514]
[186190.47847282654]
[202319.79101328983]
[134565.68865064415]
[156106.99122294426]
[190474.1876914881]
[219244.4911886218]
[274391.8279739756]
[142286.55420766695]
[139354.69747610262]
[151138.79196042963]
[81437.39882552857]
[11881.090551763074]
[107604.18390647043]
[120135.70522617415]
[124417.3874487995]
[257769.2616331727]
[185378.49000847593]
[189904.59946390972]
[237141.22543422386]
[221713.9596077475]
[142726.81829341804]
[166115.1636733987]
[218106.49704241104]
[228105.8214099842]
[218902.16791222902]
[243419.03695414582]
[198192.76312324646]
[218374.76879640573]
[302870.78790897725]
[186136.5782723443]
[264269.7868939865]
[318795.5542999534]
[180419.01573218466]
[151943.2586728456]
[48896.42047932785]
[64202.70434414182]
[72093.21819228888]
[48102.44307862839]
[149092.96100626444]
[228654.78415750095]
[217652.59364543276]
[173220.76124010343]
[119515.77926522732]
[123044.26985718583]
[161025.62949430276]
[129385.2294611889]
[110960.84595014493]
[172999.06590568903]
[166192.62669715716]
[198685.10927337225]
[208407.04653673494]
[225623.36623917735]
[196585.62262642215]
[182462.45722176117]
[194899.53051394524]
[235442.3658252031]
[291208.374864544]
[265828.30285916745]
[184683.6490410874]
[182339.3815046108]
[371664.41765061795]
[374942.12174567924]
[320645.63089862984]
[378106.9704533179]
[336492.8749406418]
[277272.8232453342]
[342933.31464024156]
[171005.85846181517]
[208382.00874302644]
[191646.99427426865]
[258906.6423064586]
[204093.86015013215]
[167326.17781258092]
[86558.59905169345]
[184943.47567524549]
[110033.09204095544]
[126971.07173078717]
[102297.51419021143]
[92943.2441303592]
[105408.07934915955]
[153946.09535954247]
[146195.2162171022]
[144861.18438945926]
[140203.53710209555]
[349859.79295925016]
[262187.07398732076]
[235317.40379272695]
[344421.88511710125]
[297305.27814310294]
[301168.35561855213]
[267924.8333757214]
[288005.0136915155]
[308337.9325002092]
[317348.2851837104]
[320331.5705774671]
[291471.0582644037]
[255982.2963950313]
[317094.36912447674]
[262472.7008036031]
[180489.47071543214]
[196029.12597099468]
[176864.01147576977]
[280732.6362820851]
[198214.31513205008]
[202558.54245679185]
[211578.1012726948]
[224551.3954515496]
[173931.6578817182]
[202780.0729095593]
[214733.00192430412]
[260730.22964771997]
[279069.6768112491]
[283602.67529607075]
[349216.31353329925]
[308225.2549363256]
[415460.8035109133]
[297907.1060354778]
[320895.4785130985]
[253566.86670008214]
[288764.3684382117]
[229051.57187030403]
[211400.1586301357]
[368935.16018629086]
[186159.96761817392]
[148305.3195535204]
[200043.285264269]
[154219.75669886562]
[209419.53787971783]
[197459.43326813655]
[192579.40706920097]
[217152.55751017175]
[177167.0065519492]
[151338.4727481713]
[155790.78979753624]
[117698.24816874234]
[151808.77011468512]
[158340.1923995631]
[98059.95878130483]
[93323.89714634948]
[133807.14769696794]
[107801.5548359151]
[116702.3652449348]
[113012.23159304925]
[274773.9340390037]
[342808.81823434605]
[175603.7764828329]
[147899.37240041204]
[152532.05586570813]
[143942.02735268907]
[180995.6771142512]
[222017.5534331482]
[143326.67298878182]
[215221.19090731003]
[136990.5401100553]
[168992.23181403131]
[170568.8478531476]
[107463.44776227913]
[122011.80043480679]
[124006.58839484595]
[172630.498747305]
[183167.57354221924]
[137389.03793610772]
[136771.4072304386]
[130943.47344003321]
[114872.67296412395]
[178688.66760623112]
[158493.68876840195]
[127749.09791543905]
[139013.58911044453]
[109300.44153938605]
[124773.86675060168]
[163999.97227601978]
[148686.41925165924]
[123836.16745603381]
[164482.74755856657]
[141536.3924260579]
[159134.33526119505]
[150377.6847500659]
[118362.239740088]
[161287.29479101626]
[116254.31522191514]
[132546.67800318293]
[110728.64038759662]
[124440.11050010781]
[239574.89468876316]
[171417.0123715248]
[242897.63667723138]
[138320.60849086184]
[57205.94813320716]
[46607.86750481685]
[68077.25937914458]
[167177.30655630556]
[109861.26826820074]
[135290.78178233554]
[132216.59964413155]
[226954.69142935282]
[188481.1829944303]
[296949.34932568297]
[113408.92878882436]
[44629.81870666635]
[115306.5920041764]
[117735.00839482743]
[174849.2240926262]
[96476.59291901154]
[103338.75932488719]
[146674.25731821463]
[138747.30897490634]
[110244.54540474282]
[153841.40948592362]
[161257.77528515962]
[138127.7270713086]
[89018.22539326217]
[106637.49833157653]
[87098.3355223856]
[76058.45923001296]
[77226.89715173142]
[100489.56146570249]
[116184.2029160636]
[31853.344136036874]
[117995.14968164574]
[35134.1333362016]
[182266.44913058524]
[106646.00956148928]
[105878.13834981876]
[46954.76393516734]
[177450.04220911663]
[59512.109809830086]
[110866.5732082494]
[76181.5904469174]
[213277.54835024377]
[120475.4647341576]
[104256.32267488883]
[72885.77649542794]
[109981.27420362516]
[128517.00223968772]
[162024.46155346767]
[146787.14408810472]
[101847.2774545048]
[64184.49092799268]
[168024.2657024379]
[149093.12824163394]
[122652.06535131793]
[122799.93808435858]
[164692.6342587428]
[170943.23238982912]
[141330.2204656779]
[142702.95558645163]
[86788.61289326771]
[245784.48371853732]
[156899.61561964283]
[122291.00090813293]
[187205.5437344855]
[128433.29509186314]
[106161.92104858905]
[212471.62818983535]
[297816.0164934646]
[166997.87909496404]
[163673.673209359]
[119447.48016315786]
[124762.53019607166]
[234098.5820363415]
[242459.91767076787]
[235170.1896586481]
[201445.8605123303]
[240271.25502577217]
[276113.27899258735]
[219241.5599200456]
[220668.13619668427]
[196018.03118795954]
[182757.72201984093]
[135305.0674344852]
[179450.40892429114]
[204486.2414107105]
[210914.2037211657]
[233347.3393544186]
[150241.8408528716]
[187848.45254060806]
[107929.38344206236]
[212324.88842888895]
[207790.94052666784]
[241712.897154222]
[205234.53902946215]
[295080.1617541937]
[228096.35821188256]
[253851.4290679945]
[235381.63715681218]
[152863.8829304006]
[217560.66913311204]
[203950.1115708422]
[196373.84148984728]
[213146.52618558065]
[113205.84245321224]
[135245.97432293405]
[136157.0533452279]
[215555.37672492996]
[153843.5391229911]
[247902.5717818592]
[140960.02797896956]
[184736.93981266508]
[66027.21087826788]
[123733.38051669952]
[97840.25137483713]
[132303.16849881114]
[82934.51295667462]
[-6857.919694717915]
[80152.35991521872]
[131810.9174787377]
[117204.11143678916]
[185493.11312613788]
[132612.0801091285]
[153004.5724234871]
[123164.86851698416]
[83188.02377756377]
[136040.6188545407]
[157597.85188084346]
[183472.7672526835]
[212055.68184708335]
[172545.03516728675]
[214592.0591235836]
[109836.15095339727]
[146323.01235641516]
[49454.08716360963]
[52222.4144790009]
[132310.0051725816]
[48162.19219099317]
[83824.31711600121]
[50836.0625489247]
[270633.95886713243]
[257136.24474932358]
[208669.78033380306]
[163139.2875345572]
[223439.96065954425]
[163735.81457463343]
[228943.26084029145]
[197441.87529248625]
[308583.0876468456]
[320252.1401148855]
[39196.1157972106]
[243933.33900072193]
[93521.27144489728]
[111525.84587103158]
[152790.94792756316]
[68775.60195184784]
[49051.449324754474]
[148677.99148834974]
[54764.79486394243]
[62932.79570991581]
[73766.85508680262]
[58599.676392560825]
[178629.6090068452]
[118090.42744804657]
[257997.49387016782]
